G3,newschool,newsex,newadd,newfam,newPst,newschoolsup,newsfamsup,newspaid,newact,newnurse,newhigher,newint,newrom,newage,newMedu,newFedu,newguardianother,newguardianmother,newguardianfather,newtraveltime,newstudytime,newfailures,famrelationship,newfreetime,newgoout,walcohol,wkalcohol,newhealth,averageabsences,averageg1,averageg2,Mjobteacher,Mjobhealth,Mjobservices,Mjobathome,Mjobother,Fjobteacher,Fjobhealth,Fjobservices,Fjobathome,Fjobother,reasonhome,reasonreputation,reasoncourse,reasonother
6,0,1,1,0,0,1,0,0,0,1,1,0,0,1,1,1,0,1,0,0,0,0,1,1,1,0,0,1,1,0,0,0,0,0,1,0,0,0,0,0,0,0,1,1,0
6,0,1,1,0,1,0,1,0,0,0,1,1,0,0,0,0,0,0,1,0,0,0,1,1,1,0,0,1,0,0,0,0,0,0,1,0,0,0,0,0,1,0,1,1,0
10,0,1,1,1,1,1,0,1,0,1,1,1,0,0,0,0,0,1,0,0,0,1,1,1,1,1,1,1,1,0,0,0,0,0,1,0,0,0,0,0,1,0,0,0,1
15,0,1,1,0,1,0,1,1,1,1,1,1,1,0,1,1,0,1,0,0,1,0,1,1,1,0,0,1,0,1,1,1,1,0,0,0,0,0,1,0,0,1,0,0,0
10,0,1,1,0,1,0,1,1,0,1,1,0,0,0,1,1,0,0,1,0,0,0,1,1,1,0,1,1,0,0,0,0,0,0,0,1,0,0,0,0,1,1,0,0,0
15,0,0,1,1,1,0,1,1,1,1,1,1,0,0,1,1,0,1,0,0,0,0,1,1,1,0,1,1,1,1,1,0,0,1,0,0,0,0,0,0,1,0,0,0,0
11,0,0,1,1,1,0,0,0,0,1,1,1,0,0,1,1,0,1,0,0,0,0,1,1,1,0,0,1,0,1,1,0,0,0,0,1,0,0,0,0,1,1,0,0,0
6,0,1,1,0,0,1,1,0,0,1,1,0,0,0,1,1,0,1,0,0,0,0,1,0,1,0,0,0,1,0,0,0,0,0,0,1,0,0,0,0,0,1,0,0,0
19,0,0,1,1,0,0,1,1,0,1,1,1,0,0,1,1,0,1,0,0,0,0,1,1,1,0,0,0,0,1,1,0,0,1,0,0,0,0,0,0,1,1,0,0,0
15,0,0,1,0,1,0,1,1,1,1,1,1,0,0,1,1,0,1,0,0,0,0,1,1,0,0,0,1,0,1,1,0,0,0,0,1,0,0,0,0,1,1,0,0,0
9,0,1,1,0,1,0,1,1,0,1,1,1,0,0,1,1,0,1,0,0,0,0,1,1,1,0,1,1,0,0,0,0,0,0,0,0,1,1,0,0,0,0,0,0,0
12,0,1,1,0,1,0,1,0,1,1,1,1,0,0,1,0,0,0,1,1,1,0,1,1,1,0,0,1,0,0,1,0,0,1,0,0,0,0,0,0,1,0,0,0,0
14,0,0,1,1,1,0,1,1,1,1,1,1,0,0,1,1,0,0,1,0,0,0,1,1,1,0,1,1,0,1,1,1,1,0,0,0,0,0,1,0,0,0,1,1,0
11,0,0,1,0,1,0,1,1,0,1,1,1,0,0,1,1,0,1,0,0,0,0,1,1,1,0,1,1,0,0,0,0,0,0,0,0,0,0,0,0,1,0,1,1,0
16,0,0,1,0,0,0,1,0,0,1,1,1,1,0,1,1,1,0,0,0,1,0,1,1,1,0,0,1,0,1,1,0,0,0,0,1,0,0,0,0,1,1,0,0,0
14,0,1,1,0,1,0,1,0,0,1,1,1,0,0,1,1,0,1,0,0,0,0,1,1,1,0,1,1,0,1,1,1,1,0,0,0,0,0,0,0,1,1,0,0,0
14,0,1,1,0,1,0,1,1,1,1,1,1,0,0,1,1,0,1,0,0,1,0,1,1,1,0,1,1,1,1,1,0,0,1,0,0,0,0,1,0,0,0,0,0,0
10,0,1,1,0,1,1,1,0,1,1,1,0,0,0,1,1,0,1,0,1,0,0,1,1,1,0,0,1,0,0,0,0,0,0,0,1,0,0,0,0,1,0,0,0,0
5,0,0,1,0,1,0,1,0,1,1,1,1,0,0,1,1,0,1,0,0,0,1,1,1,1,1,1,1,1,0,0,0,0,1,0,0,0,0,1,0,0,0,1,1,0
10,0,0,1,1,1,0,0,1,1,1,1,1,0,0,1,1,0,0,1,0,0,0,1,0,1,0,1,1,0,0,0,1,1,0,0,0,0,0,0,0,1,1,0,0,0
15,0,0,1,0,1,0,0,0,0,1,1,1,0,0,1,1,0,1,0,0,0,0,1,1,0,0,0,0,0,1,1,0,0,0,0,0,0,0,0,0,1,0,0,0,0
15,0,0,1,0,1,0,1,1,0,1,1,1,0,0,1,1,0,0,1,0,0,0,1,1,1,0,0,1,0,1,1,1,1,0,0,0,1,1,0,0,0,0,0,0,1
16,0,0,1,1,1,0,0,0,1,1,1,1,0,0,1,1,0,1,0,0,0,0,1,1,0,0,1,1,0,1,1,0,0,0,0,0,0,0,0,0,1,0,1,1,0
12,0,0,1,1,1,0,1,0,1,1,1,1,0,0,1,1,0,1,0,0,0,0,1,1,1,1,1,1,0,1,1,0,0,0,0,1,0,0,0,0,1,0,0,0,0
8,0,1,0,0,1,1,1,1,1,1,1,1,0,0,1,1,0,1,0,0,1,0,1,1,1,0,0,1,0,0,0,0,0,1,0,0,1,1,0,0,0,0,1,1,0
8,0,1,1,0,1,0,1,1,0,0,1,1,0,0,1,1,0,1,0,0,0,1,0,1,1,0,1,1,1,0,0,0,0,1,0,0,0,0,1,0,0,1,0,0,0
11,0,0,1,0,1,0,1,1,0,1,1,1,0,0,1,1,0,1,0,0,0,0,1,1,1,0,1,1,0,1,1,0,0,0,0,1,0,0,0,0,1,1,0,0,0
15,0,0,1,0,1,0,0,1,0,1,1,1,0,0,1,1,0,1,0,0,0,0,1,1,1,1,1,0,0,1,1,1,1,0,0,0,0,0,1,0,0,0,0,0,1
11,0,0,1,1,0,1,1,0,1,1,1,1,0,0,1,1,0,1,0,0,0,0,1,1,1,0,0,1,0,1,1,0,0,1,0,0,0,0,0,0,1,1,0,0,0
11,0,0,1,0,1,0,1,1,1,1,1,1,1,0,1,1,0,1,0,0,0,0,1,1,1,1,1,1,1,0,1,0,0,0,0,0,0,0,0,0,0,1,0,0,0
12,0,0,1,0,1,0,1,1,0,0,1,1,0,0,1,1,0,1,0,0,0,0,1,1,1,1,1,1,0,0,1,1,1,0,0,0,0,0,1,0,0,1,0,0,0
17,0,0,1,0,1,0,1,0,1,1,1,1,0,0,1,1,0,1,0,0,0,0,1,1,0,0,0,1,0,1,1,0,0,1,0,0,0,0,1,0,0,0,0,0,0
16,0,0,0,0,1,0,1,0,1,1,1,1,1,0,1,1,0,1,0,0,0,0,1,1,1,0,0,1,0,1,1,0,0,0,0,0,0,0,0,1,0,0,1,1,0
12,0,0,1,1,1,0,0,0,1,0,1,1,0,0,1,1,0,1,0,0,0,0,1,1,1,0,0,1,0,0,1,0,0,0,0,1,0,0,0,0,1,0,1,1,0
15,0,0,1,0,1,0,1,1,0,0,1,1,0,0,1,1,0,1,0,0,0,0,1,1,1,0,0,1,0,1,1,0,0,0,0,1,0,0,0,0,1,1,0,0,0
6,0,1,1,0,1,0,1,0,1,1,1,0,0,0,1,1,0,0,1,0,0,0,1,1,0,0,0,1,0,0,0,0,0,0,0,1,0,0,0,0,1,0,0,0,1
18,0,0,1,1,1,0,1,0,1,1,1,1,0,0,1,1,0,1,0,0,1,0,1,1,1,0,0,1,0,1,1,0,0,0,0,0,0,0,1,0,0,1,0,0,0
15,0,0,0,0,0,0,1,0,1,1,1,1,1,0,1,1,0,1,0,0,1,0,1,1,1,0,0,1,1,1,1,0,0,0,0,1,0,0,0,0,0,0,0,0,0
11,0,1,0,0,1,1,1,1,1,1,1,1,0,0,1,1,0,1,0,0,1,0,1,1,1,0,0,1,0,1,1,0,0,1,0,0,1,1,0,0,0,0,1,1,0
13,0,1,0,0,1,1,1,1,1,1,1,0,0,0,1,1,0,1,0,0,0,0,1,1,0,0,0,1,1,1,1,0,0,0,1,0,0,0,0,0,1,0,0,0,0
11,0,1,1,1,1,0,1,0,1,0,1,1,1,0,1,1,0,1,0,0,0,0,1,1,1,0,1,1,1,0,1,0,0,0,0,1,0,0,0,0,1,1,0,0,0
12,0,0,1,1,1,0,1,0,0,0,1,1,1,0,1,1,1,0,0,0,0,0,1,1,1,1,1,1,1,1,1,0,0,0,0,0,0,0,0,0,1,1,0,0,0
18,0,0,1,0,1,0,1,0,1,1,1,1,0,0,1,1,0,0,1,0,0,0,1,1,1,0,0,1,0,1,1,0,0,1,0,0,0,0,0,0,0,0,1,1,0
11,0,0,1,0,1,1,1,0,0,1,1,1,0,0,1,1,0,0,1,0,0,0,1,1,0,0,0,0,0,0,0,0,0,1,0,0,0,0,1,0,0,0,1,1,0
9,0,1,1,1,1,1,0,0,1,1,1,1,0,0,1,1,0,0,1,0,0,0,1,1,1,1,1,1,1,1,1,0,0,0,0,1,0,0,0,1,0,0,1,1,0
6,0,1,1,1,0,1,1,1,1,1,1,1,1,0,1,1,0,1,0,0,0,0,1,1,1,0,0,1,1,0,0,0,0,0,0,1,0,0,0,0,1,0,1,1,0
11,0,1,1,1,0,0,1,0,0,1,1,1,0,0,1,1,0,1,0,0,0,0,1,1,1,0,1,1,1,1,1,0,0,0,0,1,0,0,1,0,0,1,0,0,0
20,0,0,1,0,1,0,0,0,1,1,1,1,0,0,1,1,0,1,0,0,1,0,1,1,1,0,0,1,0,1,1,1,1,0,0,0,0,0,1,0,0,0,0,0,0
14,0,0,1,0,1,0,1,1,0,1,1,0,0,0,1,1,0,1,0,0,0,0,1,1,1,1,1,1,0,1,1,0,0,0,0,0,0,0,0,0,1,1,0,0,0
7,0,1,1,0,1,1,1,0,1,0,1,1,0,0,1,1,0,0,1,0,0,0,1,1,1,0,0,1,0,0,0,0,0,1,0,0,0,0,0,0,0,0,0,0,1
13,0,1,1,1,1,0,1,1,0,1,1,1,0,0,1,1,0,1,0,1,0,0,1,1,1,1,1,1,0,1,1,0,0,1,0,0,0,0,1,0,0,0,1,1,0
13,0,1,1,1,1,0,1,1,0,1,1,1,0,0,1,1,0,1,0,0,0,0,1,1,1,0,0,1,0,1,1,1,1,0,0,0,0,0,0,0,1,0,0,0,1
10,0,0,1,1,0,0,0,0,0,1,1,0,0,0,1,1,0,0,1,0,0,0,1,1,1,1,1,1,1,1,1,1,1,0,0,0,1,1,0,0,0,0,0,0,1
11,0,1,1,0,1,1,1,1,0,1,1,1,0,0,1,1,0,1,0,0,0,0,1,1,1,1,1,1,0,0,1,0,0,1,0,0,0,0,1,0,0,0,1,1,0
13,0,1,1,1,0,0,0,1,0,1,1,1,0,0,1,1,0,1,0,0,0,0,1,1,1,1,1,0,1,1,1,0,0,0,0,1,0,0,0,0,1,0,0,0,1
10,0,1,1,0,0,0,0,1,1,1,1,1,1,0,1,0,0,1,0,0,0,0,1,1,1,0,0,1,1,0,0,0,0,0,0,1,0,0,0,0,1,0,0,0,1
15,0,1,1,0,0,0,1,1,1,1,1,1,0,0,1,1,0,1,0,0,0,0,1,1,1,0,0,0,0,1,1,0,0,1,0,0,0,0,1,0,0,0,0,0,0
15,0,0,1,0,1,0,1,0,1,1,1,0,0,0,1,1,0,1,0,0,0,0,1,1,1,0,0,1,0,1,1,0,0,0,0,0,1,1,0,0,0,0,0,0,0
9,0,0,1,1,1,1,1,0,1,1,1,1,0,0,0,1,0,0,1,0,0,0,1,1,1,0,0,1,0,0,1,0,0,0,0,1,0,0,0,1,0,1,0,0,0
16,0,1,1,0,1,0,1,0,0,1,1,1,0,0,1,1,0,1,0,0,0,0,1,1,1,0,0,1,0,1,1,0,0,1,0,0,0,0,0,0,1,0,1,1,0
11,0,1,0,0,1,0,1,0,1,1,1,0,0,0,1,1,0,1,0,0,0,0,1,1,1,1,1,1,1,1,1,1,1,0,0,0,0,0,0,0,0,0,0,0,1
11,0,1,1,0,1,1,1,0,1,0,1,1,1,0,0,0,0,0,1,1,0,0,1,1,1,1,1,1,1,1,0,0,0,1,0,0,0,0,1,0,0,0,1,1,0
9,0,1,1,1,1,1,0,0,1,1,1,1,0,0,0,1,0,0,1,0,0,0,1,1,1,0,0,0,0,0,1,0,0,0,0,1,0,0,1,0,0,0,0,0,0
9,0,1,1,0,1,1,1,1,1,1,1,1,0,0,1,1,0,1,0,0,1,0,1,1,1,1,1,1,0,1,1,0,0,0,0,0,1,1,0,0,0,1,0,0,0
10,0,1,1,1,1,1,0,0,1,1,1,1,1,0,1,1,0,0,1,0,0,0,1,1,1,1,1,1,0,1,1,0,0,1,0,0,0,0,1,0,0,0,0,0,0
15,0,1,1,1,1,0,1,0,1,1,1,1,0,0,1,1,0,1,0,1,0,0,1,1,1,0,1,0,0,1,1,0,0,0,0,0,0,0,1,0,0,0,1,1,0
12,0,0,1,0,0,0,1,0,1,0,1,1,1,0,1,1,0,1,0,0,1,0,0,1,1,1,1,1,0,1,1,0,0,0,0,1,0,0,1,0,0,0,0,0,0
6,0,1,1,0,1,1,1,1,0,1,1,1,0,0,1,0,0,1,0,0,1,0,1,1,1,0,1,1,0,0,0,0,0,1,0,0,0,0,0,0,1,0,1,1,0
8,0,1,0,1,1,1,1,1,0,1,1,1,0,0,1,1,0,1,0,0,0,0,1,0,1,0,1,1,0,0,1,1,1,0,0,0,0,0,1,0,0,0,0,0,0
16,0,1,0,1,1,0,1,0,0,0,1,1,0,0,1,0,0,0,1,0,1,0,1,1,1,1,1,1,1,1,1,0,0,0,0,1,0,0,0,0,1,0,0,0,0
15,0,0,1,0,1,0,1,1,0,1,1,1,0,0,1,0,0,0,1,0,1,0,1,1,1,0,0,1,0,1,1,0,0,0,0,1,0,0,0,0,1,0,0,0,0
10,0,0,1,0,1,0,0,0,0,1,1,1,0,0,1,1,0,1,0,0,1,0,1,1,1,0,0,1,0,1,1,0,0,0,0,1,0,0,0,0,1,0,1,1,0
5,0,1,0,0,1,1,1,0,0,0,1,1,1,0,0,0,0,1,0,0,0,1,1,1,1,1,1,1,0,0,0,0,0,0,0,1,0,0,0,0,1,0,0,0,0
14,0,0,1,0,1,0,0,0,1,1,1,0,0,0,1,0,0,1,0,0,0,0,1,1,1,1,1,1,0,1,1,0,0,0,0,1,0,0,0,0,1,0,0,0,0
11,0,1,1,0,1,1,1,1,1,1,1,1,0,0,1,1,0,1,0,0,0,0,1,1,1,1,1,1,1,1,1,0,0,0,0,1,0,0,1,0,0,1,0,0,0
10,0,0,1,0,1,0,1,1,1,1,1,1,0,0,1,1,0,1,0,0,0,0,1,1,1,1,1,1,1,1,1,0,0,0,0,0,0,0,0,0,1,1,0,0,0
10,0,0,1,0,1,0,0,0,1,1,1,1,0,0,1,0,0,1,0,0,1,0,1,1,1,0,0,0,1,1,1,0,0,0,0,0,0,0,0,0,1,0,1,1,0
11,0,1,1,0,1,0,0,1,0,1,1,1,1,0,1,1,0,1,0,0,1,0,1,1,1,0,1,1,0,1,1,0,0,0,0,1,0,0,0,0,1,0,0,0,0
10,0,0,1,0,1,1,1,0,1,1,0,1,0,0,1,0,0,1,0,0,0,1,1,1,0,0,0,1,0,0,0,0,0,0,0,1,0,0,0,0,1,1,0,0,0
5,0,1,1,0,1,0,1,0,0,1,1,1,0,0,1,1,0,1,0,0,0,0,1,1,1,0,1,1,1,0,0,0,0,0,1,0,0,0,0,0,1,0,1,1,0
12,0,0,1,0,1,1,1,1,1,0,1,1,1,0,1,1,0,0,1,0,0,0,1,1,1,0,1,1,0,1,1,0,0,0,0,1,0,0,1,0,0,0,1,1,0
11,0,0,1,0,1,1,0,1,0,0,1,1,0,0,1,1,0,1,0,0,1,0,1,1,1,0,1,1,0,1,1,0,0,0,0,1,0,0,0,0,1,1,0,0,0
6,0,1,1,1,1,0,1,1,0,1,1,1,0,0,1,1,0,1,0,0,0,0,1,1,1,0,0,1,1,0,0,0,0,1,0,0,0,0,0,0,1,0,0,0,0
15,0,0,1,1,1,0,0,1,1,1,1,1,0,0,1,1,0,1,0,0,0,0,1,1,1,0,1,1,0,1,1,0,0,1,0,0,0,0,1,0,0,1,0,0,0
10,0,1,1,0,1,0,1,0,1,0,1,1,0,0,0,0,0,0,1,0,0,0,1,1,1,1,1,1,0,1,1,0,0,0,0,1,0,0,0,0,1,1,0,0,0
8,0,1,1,0,1,0,0,1,0,1,1,1,1,0,1,1,0,0,1,0,0,1,1,1,1,1,1,1,1,0,1,0,0,1,0,0,0,0,1,0,0,0,0,0,0
6,0,1,1,1,1,0,1,0,0,1,1,0,0,0,1,1,0,1,0,0,0,0,1,1,1,0,1,1,0,0,0,0,0,0,1,0,0,0,0,0,1,0,1,1,0
14,0,1,1,0,1,0,1,0,1,1,1,1,0,0,1,1,0,1,0,0,1,0,1,1,1,0,1,0,0,1,1,0,0,0,0,1,0,0,0,0,1,0,0,0,0
10,0,0,1,0,1,0,0,1,1,0,1,1,0,0,1,1,0,0,1,0,0,0,1,1,1,0,0,1,1,1,1,0,0,1,0,0,0,0,0,0,1,0,0,0,0
7,0,0,1,1,0,0,1,0,0,1,1,0,0,0,1,1,0,1,0,0,0,0,1,0,1,1,1,1,1,0,0,0,0,0,0,0,1,1,0,0,0,0,0,0,0
8,0,1,1,0,1,0,1,1,0,1,1,1,1,0,1,1,0,1,0,0,1,0,1,1,1,0,1,1,0,0,0,0,0,0,0,1,0,0,0,0,1,1,0,0,0
18,0,1,1,0,1,0,0,1,1,1,1,1,0,0,1,1,0,1,0,0,0,0,1,1,1,0,1,0,0,1,1,0,0,1,0,0,0,0,0,0,1,0,0,0,0
6,0,1,1,1,1,1,1,0,0,1,1,0,0,0,1,0,0,0,1,0,0,0,1,1,1,1,1,1,0,0,0,0,0,0,0,1,0,0,0,0,1,1,0,0,0
10,0,1,1,0,1,0,1,1,1,1,1,1,0,0,1,1,0,1,0,0,0,0,1,1,1,0,0,0,0,1,1,0,0,0,0,0,0,0,1,0,0,1,0,0,0
14,0,0,1,1,1,0,1,0,1,1,1,1,0,0,1,1,0,1,0,0,1,0,1,1,1,0,0,1,1,1,1,0,0,1,0,0,1,1,0,0,0,0,0,0,0
10,0,1,0,0,1,1,1,1,1,1,1,1,0,0,0,0,0,1,0,0,1,0,1,0,1,0,0,0,0,0,1,0,0,0,1,0,0,0,0,0,1,1,0,0,0
15,0,0,0,0,1,1,1,0,1,0,1,1,0,0,1,1,0,1,0,0,0,0,1,1,1,0,0,1,0,1,1,0,0,1,0,0,0,0,0,0,1,0,0,0,0
10,0,1,1,0,1,0,1,1,0,1,1,0,1,0,1,0,0,1,0,0,0,0,1,1,1,0,0,1,0,0,1,0,0,0,0,1,0,0,0,0,1,0,1,1,0
14,0,1,1,0,1,0,0,0,1,0,1,1,0,0,1,1,0,1,0,0,0,0,1,1,1,0,1,0,1,1,1,0,0,0,0,1,0,0,0,0,1,0,0,0,0
8,0,1,1,0,1,1,1,1,0,1,1,1,0,0,1,1,0,1,0,0,1,0,1,1,1,0,0,1,0,0,1,0,0,0,0,1,0,0,0,1,0,0,1,1,0
5,0,0,1,0,1,1,1,1,1,1,1,1,0,0,1,1,0,1,0,0,0,0,1,1,1,1,1,1,1,0,0,0,0,1,0,0,0,0,1,0,0,0,0,0,1
17,0,0,1,0,1,0,1,0,1,1,1,1,1,0,1,1,0,0,1,0,1,0,1,1,1,0,0,1,0,1,1,0,0,1,0,0,0,0,0,0,0,0,0,0,1
14,0,0,1,0,1,0,1,0,1,0,1,1,0,0,1,1,0,1,0,0,0,0,1,1,1,0,0,1,0,1,1,0,0,1,0,0,0,0,0,0,1,0,1,1,0
6,0,1,1,0,1,1,1,1,0,1,1,1,0,0,1,1,0,1,0,0,0,0,1,1,1,0,0,1,1,0,0,0,0,1,0,0,0,0,0,0,1,1,0,0,0
18,0,0,1,0,0,0,1,1,1,1,1,1,0,0,1,1,0,1,0,0,0,0,1,1,1,0,0,0,0,1,1,0,0,1,0,0,0,0,0,0,1,0,1,1,0
11,0,1,1,0,0,1,0,0,0,1,1,0,0,0,1,1,0,0,1,0,1,0,1,1,1,0,0,1,1,1,1,0,0,0,0,1,1,1,0,0,0,0,0,0,0
8,0,1,1,0,1,1,1,1,0,1,1,1,0,0,1,1,0,1,0,0,1,0,1,0,1,0,0,1,1,0,1,0,0,0,0,1,0,0,0,0,1,0,1,1,0
18,0,0,1,0,1,0,1,0,1,1,1,1,0,0,1,1,0,0,1,0,1,0,1,1,1,0,0,1,0,1,1,0,0,1,0,0,0,0,0,0,1,1,0,0,0
13,0,0,0,0,1,0,1,1,1,1,1,1,1,0,1,1,0,0,1,1,1,0,0,1,1,1,1,0,1,1,1,0,0,0,0,1,0,0,0,0,1,1,0,0,0
16,0,1,1,1,1,0,1,1,1,1,1,1,1,0,1,1,0,1,0,0,1,0,1,1,1,0,0,1,0,1,1,1,1,0,0,0,1,1,0,0,0,0,0,0,1
19,0,0,1,1,0,0,0,0,1,1,1,1,0,0,1,1,0,1,0,0,0,0,1,1,1,0,0,1,1,1,1,0,0,0,0,0,0,0,0,0,0,0,1,1,0
10,0,1,0,0,1,1,1,0,1,1,1,1,0,0,1,1,0,0,1,0,1,0,1,0,1,0,0,1,0,0,1,0,0,1,0,0,0,0,0,0,1,0,0,0,0
13,0,1,1,0,1,1,0,0,1,1,1,1,0,0,1,1,0,1,0,0,0,0,1,0,1,0,0,1,1,1,1,0,0,0,1,0,0,0,0,0,1,1,0,0,0
19,0,0,1,1,1,0,0,0,0,1,1,1,0,0,1,1,0,1,0,0,0,0,1,1,1,0,0,1,1,1,1,0,0,0,0,0,0,0,0,0,1,0,1,1,0
9,0,0,0,0,1,0,0,0,1,1,1,1,1,0,1,0,0,1,0,0,0,0,1,1,1,0,0,1,1,1,1,1,1,0,0,0,0,0,1,0,0,0,0,0,0
16,0,0,1,0,1,0,1,0,1,1,1,1,0,0,1,1,0,0,1,0,0,0,1,1,1,0,1,1,0,1,1,0,0,0,0,0,0,0,0,0,0,0,1,1,0
14,0,0,1,0,1,0,1,0,1,1,1,0,0,0,1,1,0,0,1,0,0,0,1,1,1,0,0,1,0,1,1,0,0,0,0,1,0,0,0,0,0,0,0,0,0
13,0,0,1,0,1,0,0,0,1,1,1,1,0,0,1,1,0,0,1,0,0,0,1,1,1,0,0,1,0,1,1,0,0,0,0,1,0,0,1,0,0,1,0,0,0
8,0,0,0,0,1,0,1,0,1,1,1,1,0,0,0,1,0,0,1,1,0,0,1,1,1,0,1,1,1,1,0,0,0,0,0,1,0,0,0,0,1,0,1,1,0
13,0,0,1,0,1,0,0,0,0,1,1,1,0,0,1,1,0,0,1,0,0,0,1,1,1,0,1,1,1,1,1,0,0,0,0,1,0,0,0,0,1,0,0,0,0
15,0,1,1,0,1,0,0,0,0,0,1,1,0,0,0,1,0,1,0,0,0,0,1,1,1,0,1,0,0,1,1,0,0,0,1,0,0,0,1,0,0,0,1,1,0
15,0,0,1,0,1,0,1,1,1,1,1,1,0,0,1,1,0,0,1,0,1,0,1,1,1,0,1,1,1,1,1,0,0,1,0,0,0,0,1,0,0,1,0,0,0
13,0,1,1,1,1,0,1,1,1,1,1,1,1,0,1,1,0,0,1,0,0,0,1,1,1,0,1,1,0,1,1,0,0,0,0,1,1,1,0,0,0,0,1,1,0
13,0,0,1,0,1,0,1,0,1,1,1,1,0,0,1,1,0,1,0,0,0,0,1,1,1,0,1,1,1,1,1,1,1,0,0,0,0,0,0,0,1,0,1,1,0
8,0,1,1,0,1,0,0,1,0,1,1,1,1,0,1,1,0,1,0,0,0,0,1,1,1,0,0,1,0,1,0,0,0,0,0,1,0,0,0,0,1,1,0,0,0
12,0,0,1,0,1,1,0,0,0,1,1,1,0,0,1,1,0,0,1,0,0,0,1,1,1,1,1,1,0,1,1,0,0,1,0,0,0,0,1,0,0,1,0,0,0
11,0,1,1,1,0,1,0,0,1,1,1,1,1,0,1,1,0,1,0,0,0,0,1,1,1,0,0,0,0,0,1,0,0,0,0,1,0,0,0,0,1,1,0,0,0
9,0,1,1,0,1,0,1,0,0,0,0,0,0,1,0,0,1,0,0,0,0,1,1,1,1,0,0,1,0,0,1,0,0,0,1,0,0,0,0,0,1,0,1,1,0
0,0,0,0,0,1,0,1,0,1,1,1,1,0,1,1,1,0,1,0,0,0,1,1,1,1,0,1,1,0,0,0,0,0,1,0,0,0,0,0,0,1,0,0,0,0
18,0,0,0,0,1,0,0,1,1,1,1,1,0,0,1,1,0,1,0,0,0,0,1,1,1,1,1,1,1,1,1,0,0,0,0,0,0,0,0,0,0,0,1,1,0
0,0,1,0,0,1,0,1,0,0,1,1,1,1,0,1,1,0,0,1,0,1,1,1,1,1,1,1,1,0,1,0,0,0,1,0,0,0,0,0,0,0,0,1,1,0
0,0,1,1,0,1,0,1,0,1,0,1,1,1,0,0,0,0,1,0,1,0,0,1,1,1,0,1,1,0,1,0,0,0,0,1,0,0,0,0,0,1,0,1,1,0
12,0,1,1,1,1,0,1,0,0,1,1,1,1,0,1,1,0,0,1,0,0,0,1,1,1,0,1,1,1,1,1,0,0,0,0,1,0,0,0,0,1,0,1,1,0
11,0,1,1,0,0,0,0,0,0,1,1,1,0,0,1,1,0,0,1,0,0,0,1,1,0,0,1,1,1,1,1,0,0,1,0,0,0,0,0,0,1,0,1,1,0
0,0,0,0,0,1,0,1,0,0,1,1,0,1,0,1,1,0,1,0,1,0,0,1,1,1,0,0,1,0,1,0,0,0,0,1,0,0,0,0,0,0,0,1,1,0
0,0,1,1,0,1,0,1,0,1,1,1,1,1,0,1,1,0,1,0,0,1,0,1,1,1,0,0,1,0,1,0,0,0,1,0,0,0,0,0,1,0,0,1,1,0
0,0,0,0,0,1,0,0,0,0,1,1,0,0,0,1,1,0,1,0,1,0,0,1,1,1,1,1,1,0,1,0,0,0,0,1,0,0,0,0,0,1,0,1,1,0
0,0,1,1,0,0,0,1,0,1,0,1,1,1,0,1,1,1,0,0,0,0,1,1,1,1,0,0,1,0,0,0,0,0,0,0,1,0,0,0,0,1,0,1,1,0
12,0,0,1,1,1,0,0,0,0,1,1,0,1,0,0,0,0,1,0,0,0,0,1,1,1,0,1,1,0,1,1,0,0,1,0,0,0,0,0,0,1,0,1,1,0
15,0,1,1,0,1,0,0,0,1,1,1,1,0,0,1,1,0,1,0,0,0,0,1,1,1,0,0,1,0,1,1,0,0,0,0,0,0,0,0,0,0,0,1,1,0
0,0,0,1,0,1,1,1,0,0,1,1,1,0,0,1,1,0,0,1,0,1,0,1,1,1,0,0,1,0,0,1,0,0,0,0,0,0,0,1,0,0,0,1,1,0
9,0,0,1,1,1,0,1,0,1,1,1,1,0,0,1,1,0,0,1,0,0,1,1,1,1,1,1,1,1,1,1,0,0,1,0,0,0,0,1,0,0,0,0,0,0
11,0,1,1,0,1,0,1,1,1,1,1,1,0,0,1,1,0,1,0,0,1,0,1,1,1,0,0,1,0,1,1,0,0,0,0,0,0,0,1,0,0,0,1,1,0
13,0,1,1,1,1,0,0,0,0,1,1,1,0,0,0,0,0,1,0,0,0,0,1,1,1,1,1,0,0,1,1,0,0,0,1,0,0,0,0,1,0,0,1,1,0
0,0,0,1,0,1,0,1,0,0,1,1,1,0,0,1,0,0,1,0,0,0,1,1,1,1,0,1,1,0,0,0,0,0,0,0,1,0,0,0,0,1,1,0,0,0
11,0,1,1,0,1,0,1,1,0,1,1,1,0,0,0,0,0,0,1,0,0,0,1,1,1,0,1,1,0,1,1,0,0,0,0,1,0,0,1,0,0,0,1,1,0
0,0,1,1,0,1,0,1,0,0,1,1,1,0,0,1,1,0,0,1,0,0,1,1,1,1,0,0,1,0,0,1,1,1,0,0,0,0,0,1,0,0,1,0,0,0
11,0,1,1,0,1,0,1,1,0,0,1,1,0,0,0,1,0,1,0,0,0,0,1,1,1,0,0,1,0,1,1,0,0,0,1,0,0,0,0,0,1,0,1,1,0
0,0,0,1,0,1,0,1,0,0,1,0,1,1,0,1,1,0,1,0,0,0,0,1,1,1,1,0,1,0,0,0,0,0,0,0,0,0,0,0,0,0,0,1,1,0
10,0,0,1,1,0,0,0,0,0,1,1,1,0,0,1,0,0,1,0,1,0,1,1,1,1,1,1,1,0,1,1,0,0,1,0,0,0,0,0,0,1,0,1,1,0
0,0,0,1,1,1,0,0,0,0,1,0,1,1,1,0,0,0,1,0,0,0,1,1,1,1,1,1,1,0,0,0,0,0,0,0,1,0,0,0,0,1,0,1,1,0
14,0,0,1,1,1,0,0,0,1,1,1,0,1,0,1,0,0,1,0,0,0,0,1,1,1,1,1,1,1,1,1,0,0,0,1,0,0,0,0,0,1,0,1,1,0
10,0,1,0,0,1,0,1,1,1,1,1,1,1,0,1,1,1,0,0,0,1,1,1,1,0,1,1,1,1,1,1,0,0,1,0,0,0,0,1,0,0,0,0,0,0
0,0,0,1,0,1,0,1,0,0,1,0,1,1,1,1,1,0,1,0,0,0,1,1,1,1,0,0,1,0,0,0,0,0,1,0,0,0,0,0,1,0,1,0,0,0
12,0,1,1,0,1,1,1,0,0,1,1,0,1,0,1,1,0,1,0,0,0,0,1,1,0,0,0,1,0,1,1,0,0,0,0,1,0,0,0,0,0,0,1,1,0
8,0,0,0,0,1,1,0,1,1,1,1,0,0,0,1,1,0,1,0,0,0,0,1,1,1,0,0,0,0,1,1,0,0,0,1,0,0,0,1,0,0,0,1,1,0
13,0,0,0,1,1,0,0,0,0,1,1,0,0,0,0,1,0,1,0,0,0,0,1,1,1,1,1,1,1,1,1,0,0,0,0,1,0,0,0,0,1,0,0,0,0
10,0,1,0,0,1,0,1,0,1,0,1,0,0,1,0,0,0,1,0,1,0,1,1,1,1,0,1,1,1,1,1,0,0,0,1,0,0,0,0,0,1,0,1,1,0
15,0,0,0,0,1,0,0,0,0,0,1,0,0,0,1,1,0,1,0,1,0,0,1,1,1,0,1,1,0,1,1,0,0,0,1,0,0,0,0,0,1,0,1,1,0
12,0,0,1,0,1,0,1,1,0,1,1,1,1,0,1,1,0,0,1,0,0,0,1,1,1,1,1,1,0,1,1,0,0,0,0,1,0,0,1,0,0,0,1,1,0
0,0,0,0,1,1,0,0,0,1,1,0,1,1,0,1,0,0,1,0,0,0,1,1,1,1,1,1,1,0,1,0,0,0,0,1,0,0,0,0,0,1,0,1,1,0
7,0,0,0,0,1,1,1,0,0,1,1,1,1,0,1,1,0,1,0,0,0,1,1,1,1,0,1,1,1,0,1,0,0,0,0,1,0,0,0,0,1,0,1,1,0
0,0,0,1,1,1,0,0,0,1,1,1,0,0,0,0,1,0,1,0,0,0,0,1,1,1,1,1,1,0,1,0,0,0,0,0,1,0,0,0,0,1,0,1,1,0
10,0,0,1,0,1,0,0,0,0,1,0,1,0,0,0,1,0,0,1,0,0,0,1,1,1,0,1,1,0,1,1,0,0,0,1,0,0,0,1,0,0,0,1,1,0
7,0,0,0,1,1,0,0,0,1,1,0,0,1,0,0,0,0,1,0,1,0,1,1,1,1,0,1,1,0,0,1,0,0,0,0,1,0,0,1,0,0,0,1,1,0
12,0,0,1,0,1,0,1,0,1,0,0,0,0,0,1,1,0,1,0,0,0,0,1,1,1,0,0,1,1,1,1,0,0,1,0,0,0,0,1,0,0,0,1,1,0
10,0,0,1,0,1,0,0,0,0,1,0,1,0,0,1,1,0,0,1,0,0,0,1,1,1,1,1,1,1,1,1,0,0,0,0,1,0,0,0,0,1,0,1,1,0
16,0,1,1,0,1,0,0,1,0,1,1,1,1,0,1,1,0,0,1,0,0,0,1,1,1,0,0,1,0,1,1,1,1,0,0,0,0,0,1,0,0,1,0,0,0
0,0,1,1,0,1,0,1,1,0,0,1,1,0,0,1,1,0,1,0,0,0,0,1,0,1,0,0,1,0,0,1,0,0,0,0,1,0,0,0,0,1,1,0,0,0
14,0,1,1,0,1,0,1,1,0,1,1,1,1,0,1,1,0,1,0,0,0,0,1,1,1,0,0,1,0,1,1,1,1,0,0,0,1,1,0,0,0,0,0,0,0
0,0,0,1,0,1,0,1,0,1,0,1,1,0,0,1,1,0,0,1,1,0,1,1,1,1,1,1,1,0,0,0,0,0,0,0,1,0,0,0,0,1,0,1,1,0
16,0,0,1,0,1,0,1,1,1,1,1,1,1,0,0,0,0,1,0,0,0,0,1,1,1,0,0,1,0,1,1,0,0,0,0,1,0,0,0,0,1,0,0,0,0
10,0,0,1,1,1,0,1,1,1,1,1,1,0,0,1,1,0,1,0,0,0,0,1,1,1,0,1,1,0,1,1,0,0,0,0,0,0,0,0,0,1,0,0,0,0
0,0,1,1,0,1,0,0,0,1,0,1,1,1,0,0,1,0,1,0,0,0,1,1,1,1,0,0,1,0,1,1,0,0,0,1,0,0,0,1,0,0,1,0,0,0
9,0,1,1,1,1,0,1,1,1,1,1,1,0,0,1,1,0,1,0,0,0,0,1,1,1,0,0,1,1,1,1,0,0,0,0,1,0,0,0,0,1,0,0,0,0
9,0,0,1,1,1,0,0,1,1,1,1,1,0,0,1,1,0,1,0,0,0,0,1,1,1,1,1,1,1,1,1,0,0,0,0,0,0,0,0,0,1,0,1,1,0
11,0,1,1,0,1,0,0,1,1,0,1,1,0,0,1,1,0,1,0,0,0,0,1,1,1,0,1,1,0,1,1,0,0,1,0,0,0,0,0,0,1,0,0,0,0
6,0,0,1,0,1,0,0,0,1,0,1,1,0,0,1,1,0,0,1,0,0,0,1,1,1,0,1,1,1,0,0,0,0,0,0,1,0,0,0,0,1,0,0,0,0
9,0,0,0,0,1,0,1,0,1,1,1,1,1,0,1,1,0,1,0,0,0,0,1,1,1,1,1,1,1,1,1,0,0,0,0,0,0,0,1,0,0,0,0,0,1
11,0,0,1,0,1,0,1,0,1,1,1,1,1,0,1,1,0,1,0,0,0,0,1,1,1,0,0,1,1,1,1,0,0,0,0,1,0,0,0,0,1,0,1,1,0
8,0,0,1,0,1,0,1,1,1,1,1,1,0,0,1,1,0,1,0,0,0,0,1,1,1,1,1,1,1,1,1,0,0,0,0,0,0,0,0,0,1,1,0,0,0
12,0,0,1,0,1,0,0,1,1,1,1,1,1,0,1,1,0,1,0,0,0,0,1,1,1,0,1,1,0,1,1,0,0,1,0,0,0,0,0,0,1,1,0,0,0
17,0,1,1,0,1,0,1,0,1,1,1,0,0,0,1,1,0,0,1,0,0,0,1,1,1,1,1,1,0,1,1,0,0,1,0,0,0,0,1,0,0,0,0,0,0
8,0,1,1,1,1,0,1,0,1,1,1,1,1,0,1,1,0,1,0,0,0,0,1,1,1,1,1,0,1,1,1,0,0,0,0,1,0,0,0,0,1,0,0,0,0
12,0,1,1,0,1,0,1,1,0,1,1,1,0,0,1,1,0,1,0,0,0,0,0,1,1,0,1,0,1,1,1,0,0,0,0,1,0,0,0,0,1,0,0,0,0
11,0,0,1,0,1,0,1,0,1,1,1,1,1,0,1,1,0,1,0,0,0,0,1,1,1,1,1,1,1,1,1,0,0,1,0,0,0,0,1,0,0,0,0,0,1
11,0,0,1,0,1,0,1,1,1,1,1,1,1,0,0,1,0,1,0,0,0,0,1,1,1,0,1,1,0,1,1,0,0,1,0,0,0,0,1,0,0,0,0,0,1
15,0,0,1,1,1,0,0,1,1,1,1,1,1,0,1,0,0,1,0,0,0,0,1,1,1,0,1,1,0,1,1,0,0,0,0,1,0,0,0,0,1,0,1,1,0
9,0,1,1,0,0,0,1,0,0,0,1,1,1,0,1,1,0,1,0,0,0,0,1,1,1,0,1,1,1,1,1,1,1,0,0,0,0,0,0,0,1,0,0,0,0
10,0,0,0,0,1,0,0,0,0,1,1,0,0,0,0,1,0,1,0,0,0,0,1,0,1,0,1,1,1,1,1,0,0,0,1,0,0,0,0,0,1,1,0,0,0
13,0,1,1,0,1,0,0,0,0,1,1,1,0,0,1,1,0,1,0,0,0,0,1,1,1,0,0,1,1,1,1,0,0,1,0,0,0,0,1,0,0,0,1,1,0
9,0,1,1,0,1,0,0,0,1,1,1,1,0,0,0,0,0,1,0,0,0,0,1,1,1,0,0,1,0,1,1,0,0,0,1,0,0,0,1,0,0,0,1,1,0
8,0,0,1,0,1,0,0,1,1,0,1,1,0,0,0,1,1,0,0,0,0,0,1,1,1,1,1,1,1,1,1,0,0,0,1,0,0,0,1,0,0,0,0,0,1
10,0,0,0,0,1,0,1,0,1,1,1,1,0,0,1,1,0,1,0,0,0,0,1,1,1,1,1,1,1,1,1,0,0,1,0,0,0,0,1,0,0,0,0,0,0
14,0,0,1,0,1,0,0,0,0,1,1,1,0,0,1,1,0,0,1,0,0,0,1,1,1,0,0,1,0,1,1,0,0,0,0,1,0,0,0,0,1,1,0,0,0
15,0,1,1,1,1,0,0,0,1,1,1,1,1,0,1,1,0,0,1,0,0,0,1,1,1,0,0,1,0,1,1,0,0,1,0,0,0,0,1,0,0,0,1,1,0
16,0,0,1,0,1,0,0,0,0,1,1,1,0,0,1,1,0,1,0,0,0,0,1,1,1,0,1,1,1,1,1,0,0,1,0,0,0,0,0,0,0,1,0,0,0
10,0,0,0,1,1,0,1,1,1,1,1,1,0,0,1,1,0,0,1,1,0,0,1,1,1,1,1,1,1,1,1,0,0,0,0,0,0,0,0,0,1,1,0,0,0
18,0,1,1,0,1,0,1,0,0,1,1,1,0,0,1,1,0,1,0,0,0,0,1,1,1,1,1,1,1,1,1,0,0,1,0,0,0,0,0,0,0,1,0,0,0
10,0,1,1,1,1,0,1,1,0,1,1,1,0,0,1,1,0,1,0,0,0,0,1,1,1,0,1,1,0,1,1,0,0,0,0,0,0,0,0,0,0,0,0,0,0
16,0,1,1,0,1,0,1,0,1,1,1,1,0,0,1,1,0,1,0,0,0,0,1,1,1,0,1,1,0,1,1,1,1,0,0,0,0,0,0,0,1,1,0,0,0
10,0,1,1,0,1,1,1,1,1,1,1,0,0,0,1,1,0,1,0,0,0,0,1,1,1,0,1,1,1,1,1,0,0,0,0,1,0,0,0,0,1,0,0,0,0
10,0,1,1,0,1,0,1,1,0,0,1,0,0,0,0,0,0,1,0,0,0,0,1,1,1,0,1,0,1,1,1,0,0,0,0,1,0,0,0,0,1,0,1,1,0
6,0,1,0,0,1,0,1,0,0,1,1,1,0,0,1,1,0,1,0,0,0,0,1,1,1,0,1,1,1,1,1,0,0,0,0,1,0,0,0,0,1,0,0,0,0
11,0,1,0,0,1,0,1,1,1,0,1,1,0,0,1,1,0,1,0,0,1,0,1,1,1,0,0,1,1,1,1,0,0,1,0,0,0,0,1,0,0,0,0,0,0
9,0,1,1,0,1,0,1,1,0,1,1,1,1,0,1,1,0,1,0,0,1,0,1,1,1,1,1,1,1,1,1,0,0,0,1,0,0,0,1,0,0,1,0,0,0
7,0,1,1,0,0,0,1,1,0,1,1,1,0,0,1,0,0,1,0,0,0,1,1,1,1,1,1,1,1,1,1,0,0,1,0,0,0,0,0,0,1,0,1,1,0
13,0,1,1,0,1,0,0,1,1,1,1,1,1,0,1,1,0,1,0,0,0,0,0,1,1,0,0,0,1,1,1,0,0,0,0,0,0,0,0,0,1,0,0,0,1
10,0,1,1,0,1,0,1,1,0,1,1,0,0,0,0,0,0,1,0,0,0,0,1,1,1,0,1,1,1,1,1,0,0,0,1,0,0,0,0,0,1,1,0,0,0
7,0,1,0,0,1,0,1,1,1,1,1,1,1,0,1,1,0,1,0,0,1,0,1,1,1,0,0,1,1,1,1,0,0,0,0,0,0,0,0,0,1,0,0,0,0
8,0,1,1,0,1,0,1,1,1,1,1,1,0,1,1,1,1,0,0,0,1,0,1,1,1,0,1,1,1,1,1,0,0,0,0,1,0,0,0,0,1,0,0,0,0
13,0,0,1,1,1,0,1,1,0,1,1,1,1,0,1,1,0,1,0,0,0,0,1,1,1,1,1,1,1,1,1,0,0,1,0,0,0,0,0,0,1,1,0,0,0
14,0,1,1,0,0,1,1,1,0,1,1,1,0,0,1,1,0,1,0,0,0,0,1,1,1,0,0,1,0,1,1,0,0,0,0,1,0,0,0,0,1,0,0,0,0
8,0,0,1,0,1,0,1,1,1,1,1,1,0,1,1,1,0,1,0,0,0,0,1,1,1,1,1,1,1,1,1,0,0,1,0,0,0,0,0,0,1,1,0,0,0
10,0,1,0,1,1,0,1,1,0,1,1,0,0,0,1,1,0,1,0,0,0,0,1,1,0,0,1,1,1,1,1,0,0,1,0,0,0,0,0,0,1,0,0,0,1
15,0,1,1,1,1,0,0,1,0,1,1,1,0,0,1,1,0,1,0,0,0,0,1,1,1,0,1,0,0,1,1,0,0,0,0,1,0,0,0,0,1,0,0,0,0
4,0,1,1,0,1,0,0,1,0,1,1,1,1,0,1,1,0,1,0,0,0,1,1,1,1,1,1,0,1,1,1,0,0,0,0,1,0,0,0,0,1,0,0,0,0
8,0,0,1,1,1,0,1,1,0,1,1,1,0,1,1,1,0,0,1,0,0,0,1,1,1,1,1,1,1,1,1,0,0,1,0,0,1,1,0,0,0,1,0,0,0
8,0,1,1,0,1,0,1,1,0,1,1,0,0,0,1,1,0,0,1,0,0,0,1,1,1,0,1,1,0,1,1,0,0,0,1,0,0,0,0,0,1,1,0,0,0
10,0,1,1,0,1,0,1,1,1,1,1,1,0,0,1,1,0,1,0,0,1,0,1,1,1,0,0,1,1,1,1,0,0,0,1,0,0,0,0,1,0,0,1,1,0
6,0,1,0,0,1,0,1,0,1,1,1,1,0,0,1,0,0,1,0,0,0,0,1,1,1,0,1,1,0,1,1,0,0,0,1,0,0,0,1,0,0,0,0,0,0
0,0,1,1,0,1,0,1,0,1,1,1,0,1,0,0,0,0,1,0,0,1,0,1,1,1,0,0,1,0,1,0,0,0,0,1,0,0,0,0,0,1,0,0,0,0
17,0,1,1,0,1,1,0,0,0,1,1,1,0,0,1,1,0,1,0,0,0,0,1,1,0,0,0,1,0,1,1,0,0,1,0,0,0,0,0,0,0,0,0,0,1
13,0,0,1,0,1,0,1,1,0,1,1,1,0,1,1,1,0,1,0,0,0,0,1,1,1,1,1,1,0,1,1,0,0,0,0,1,0,0,0,0,1,1,0,0,0
14,0,1,1,0,1,0,1,0,1,0,1,1,0,0,1,1,0,1,0,0,1,0,1,1,1,0,0,1,0,1,1,0,0,0,0,0,0,0,1,0,0,1,0,0,0
7,0,1,0,0,1,0,0,0,1,1,1,1,1,1,1,0,0,1,0,0,0,0,1,1,1,0,0,1,1,1,1,0,0,0,0,1,0,0,0,0,1,0,0,0,0
15,0,1,1,0,1,0,0,0,1,0,1,1,0,0,1,1,0,1,0,0,0,0,1,1,1,0,1,1,1,1,1,0,0,0,0,1,0,0,0,0,1,0,1,1,0
12,0,0,1,1,1,0,1,1,0,0,1,1,0,0,1,1,0,0,1,0,0,0,1,1,1,0,1,1,0,1,1,0,0,1,0,0,0,0,1,0,0,0,0,0,0
9,0,0,1,1,1,1,1,1,1,1,1,1,1,1,1,0,0,1,0,1,0,0,1,1,1,1,1,1,1,1,1,0,0,0,1,0,0,0,0,0,1,0,1,1,0
12,0,1,1,0,0,0,0,0,1,1,1,1,1,0,1,0,0,1,0,0,1,0,1,1,1,0,1,1,1,1,1,0,0,0,0,1,0,0,0,0,1,0,1,1,0
14,0,1,1,1,1,0,0,0,1,1,1,1,1,0,1,1,0,0,1,0,0,0,1,1,1,0,1,1,1,1,1,1,1,0,0,0,0,0,0,0,1,0,0,0,0
11,0,0,0,0,1,0,1,1,1,1,1,1,0,0,1,1,0,0,1,0,0,0,1,1,1,0,0,0,1,1,1,0,0,0,0,1,0,0,0,0,1,0,1,1,0
9,0,0,1,0,1,1,1,0,1,1,1,1,1,0,1,1,0,1,0,0,0,0,1,1,1,0,1,1,1,1,1,0,0,0,0,0,0,0,0,0,0,0,0,0,0
13,0,0,1,0,1,0,1,1,1,1,1,1,0,0,1,1,0,0,1,0,0,0,1,1,1,1,1,0,0,1,1,1,1,0,0,0,0,0,0,0,1,0,0,0,0
6,0,0,1,1,1,0,1,1,0,1,1,1,0,0,0,0,0,1,0,0,0,0,1,1,1,0,0,1,1,1,1,0,0,0,0,1,0,0,0,0,1,1,0,0,0
10,0,0,1,0,1,0,0,0,1,1,1,1,1,0,1,1,0,1,0,0,1,0,1,1,1,0,1,1,1,1,1,0,0,0,1,0,0,0,0,0,1,0,0,0,0
13,0,0,1,1,1,0,0,1,1,0,1,1,1,0,1,1,0,0,1,0,0,0,1,1,1,1,1,1,1,1,1,0,0,0,0,1,0,0,0,0,1,1,0,0,0
12,0,1,1,0,1,0,0,0,0,1,1,1,1,0,1,0,0,1,0,0,0,0,1,1,1,0,0,1,1,1,1,0,0,0,0,1,0,0,0,0,1,1,0,0,0
11,0,1,0,0,1,0,0,0,1,1,1,0,0,0,1,0,0,1,0,1,0,0,1,0,0,0,0,1,0,1,1,0,0,0,1,0,0,0,1,0,0,0,1,1,0
0,0,0,1,0,1,0,0,0,0,1,0,1,0,1,1,1,0,0,1,0,0,0,1,1,1,1,1,1,0,1,1,0,0,0,0,1,0,0,1,0,0,0,0,0,0
12,0,0,1,1,1,0,0,0,1,1,1,1,1,0,1,1,0,1,0,0,0,0,1,1,1,0,1,1,1,1,1,1,1,0,0,0,0,0,0,0,1,0,1,1,0
12,0,0,0,1,0,0,1,1,0,1,1,1,0,0,1,1,0,1,0,0,0,0,1,1,1,1,1,1,0,1,1,0,0,0,0,0,0,0,0,0,1,0,1,1,0
0,0,0,1,1,1,0,0,0,1,0,1,1,0,0,1,1,0,1,0,0,0,0,1,1,1,0,0,1,0,1,0,0,0,0,0,0,0,0,0,0,1,0,1,1,0
12,0,0,1,0,1,0,0,0,1,1,1,1,0,0,1,1,0,1,0,0,0,0,1,1,1,0,1,1,0,1,1,0,0,1,0,0,0,0,1,0,0,0,1,1,0
0,0,1,1,0,1,0,1,1,0,0,1,1,1,1,1,0,1,0,0,0,1,0,1,1,1,0,0,1,0,1,0,0,0,0,0,1,0,0,0,0,1,0,1,1,0
18,0,0,1,0,1,0,0,0,0,1,1,1,0,0,1,0,0,1,0,1,0,0,1,1,1,0,0,1,1,1,1,0,0,0,0,1,0,0,0,0,1,0,1,1,0
13,0,0,1,0,1,0,0,0,0,1,1,1,0,0,1,1,0,0,1,0,0,0,1,1,1,0,0,1,1,1,1,0,0,0,0,1,0,0,0,0,1,0,1,1,0
8,0,0,1,0,1,0,0,0,0,0,0,1,1,1,1,0,0,1,0,0,0,1,1,1,1,1,1,0,1,1,1,0,0,1,0,0,0,0,1,0,0,0,0,0,1
5,0,0,0,1,1,0,1,0,0,1,1,1,1,1,1,1,0,1,0,0,0,0,1,1,1,0,1,1,1,0,1,0,0,0,0,1,0,0,1,0,0,0,1,1,0
15,0,0,1,0,1,0,0,1,0,0,1,1,0,0,0,1,0,1,0,0,0,0,1,1,1,1,1,1,0,1,1,0,0,0,0,1,0,0,0,0,1,0,0,0,1
8,0,0,1,0,1,0,0,0,0,1,0,1,0,1,1,1,0,1,0,0,0,0,1,1,1,1,1,1,0,1,1,0,0,1,0,0,0,0,0,0,1,0,1,1,0
10,0,0,1,0,1,1,1,0,0,0,1,1,0,0,1,1,1,0,0,1,0,0,1,1,1,0,1,1,1,1,1,0,0,0,1,0,0,0,0,0,1,0,0,0,0
8,0,0,1,0,1,0,0,0,0,0,0,1,0,1,1,0,0,1,0,0,0,0,1,1,1,1,1,1,1,1,1,0,0,1,0,0,0,0,1,0,0,0,0,0,1
8,0,0,0,0,1,0,0,0,1,0,1,0,0,0,1,0,0,1,0,0,0,0,1,1,1,0,1,1,0,1,1,0,0,0,0,1,0,0,0,0,1,0,1,1,0
12,0,0,0,0,1,0,0,0,0,0,1,1,0,0,1,0,0,1,0,0,0,0,1,1,1,1,1,1,0,1,1,0,0,0,0,1,0,0,0,0,1,0,1,1,0
8,0,0,1,1,1,0,1,0,1,1,1,1,0,0,0,0,0,1,0,0,0,0,1,1,1,0,1,1,0,1,1,1,1,0,0,0,0,0,0,0,1,0,1,1,0
13,0,1,1,1,1,0,1,1,1,1,1,1,0,0,1,1,0,1,0,0,1,0,1,1,1,0,0,1,1,1,1,0,0,0,0,0,0,0,1,0,0,0,0,0,0
11,0,0,1,1,0,0,1,0,0,1,1,1,0,1,1,1,0,1,0,0,0,0,1,1,0,0,0,0,1,1,1,0,0,1,0,0,0,0,0,1,0,0,0,0,0
14,0,0,1,0,1,0,0,0,1,1,1,1,0,1,1,0,0,1,0,0,0,0,1,1,1,0,1,1,1,1,1,0,0,0,0,1,0,0,0,0,1,1,0,0,0
0,0,1,1,1,1,0,0,1,1,1,1,1,1,0,1,1,0,0,1,0,1,0,1,1,0,0,0,1,0,1,1,0,0,1,0,0,0,0,1,0,0,0,1,1,0
18,0,1,1,0,1,0,1,1,0,1,1,1,1,1,1,1,0,0,1,0,0,0,1,0,1,0,1,1,1,1,1,0,0,1,0,0,0,0,0,0,1,1,0,0,0
8,0,0,1,0,1,0,1,1,0,0,1,1,0,1,1,1,0,1,0,0,0,0,1,1,1,0,0,1,0,1,1,0,0,0,0,0,0,0,0,0,1,0,1,1,0
12,0,0,0,0,1,0,0,0,1,0,1,0,0,1,1,1,0,1,0,0,1,0,1,1,1,0,0,1,0,1,1,0,0,0,0,1,0,0,0,0,1,0,1,1,0
9,0,1,1,0,1,0,0,0,1,0,1,0,0,0,1,1,0,1,0,0,1,0,1,1,1,0,0,1,1,1,1,0,0,0,0,1,0,0,0,0,1,1,0,0,0
0,0,1,1,0,1,0,1,1,1,1,1,1,1,1,1,1,0,1,0,0,1,0,1,1,1,0,0,1,0,1,1,0,0,0,1,0,0,0,1,0,0,1,0,0,0
17,0,0,0,1,0,0,1,1,1,1,1,1,0,1,1,1,0,1,0,0,0,0,1,1,1,1,1,0,1,1,1,0,0,0,0,1,0,0,0,0,1,0,0,0,0
10,0,0,1,0,1,0,0,1,1,1,1,1,1,0,1,0,0,1,0,0,0,0,1,1,1,1,1,1,0,1,1,0,0,1,0,0,0,0,0,0,1,0,0,0,1
11,0,1,0,0,1,0,0,1,1,1,1,1,0,1,1,1,0,1,0,0,0,0,1,1,1,1,1,1,1,1,1,0,0,0,0,0,0,0,0,0,1,0,0,0,0
10,0,0,1,0,1,0,1,1,1,1,1,1,1,1,1,1,0,0,1,0,0,0,1,1,1,0,1,1,1,1,1,1,1,0,0,0,0,0,0,0,1,0,0,0,0
0,0,1,0,0,1,0,1,0,0,1,0,1,1,1,1,0,0,1,0,0,0,0,1,1,1,0,1,1,0,1,0,0,0,0,0,1,0,0,0,0,1,0,0,0,0
9,0,1,1,0,1,0,1,1,1,1,1,1,0,1,1,1,1,0,0,0,0,1,1,1,1,1,1,1,1,1,1,0,0,0,0,1,0,0,1,0,0,1,0,0,0
14,0,1,1,0,1,0,1,1,1,1,1,1,1,1,1,1,0,0,1,0,1,0,1,1,1,0,1,1,1,1,1,0,0,0,0,1,0,0,1,0,0,0,0,0,0
11,0,1,1,1,1,0,1,1,0,0,1,0,0,1,0,0,0,1,0,0,0,0,1,1,1,0,0,1,0,1,1,0,0,0,0,1,0,0,0,0,1,1,0,0,0
14,0,0,0,0,1,0,1,1,1,0,1,0,1,0,0,1,0,1,0,0,0,0,1,1,1,1,1,0,0,1,1,0,0,0,1,0,0,0,0,1,0,1,0,0,0
10,0,1,1,0,1,0,1,1,0,1,1,1,1,0,1,1,0,1,0,0,0,0,1,1,1,0,0,0,0,1,1,0,0,0,1,0,1,1,0,0,0,0,0,0,0
12,0,1,1,1,1,1,1,1,0,1,1,1,1,0,1,1,0,1,0,0,0,0,1,1,1,1,1,1,1,1,1,0,0,1,0,0,0,0,0,0,1,0,1,1,0
9,0,1,0,0,0,0,0,0,0,0,0,1,1,1,1,1,0,1,0,0,0,0,1,0,0,0,0,1,1,1,1,0,0,0,0,1,0,0,1,0,0,1,0,0,0
9,0,0,1,0,1,0,0,1,1,1,1,1,0,1,1,1,0,1,0,0,0,0,1,1,1,0,1,1,1,1,1,0,0,0,0,0,0,0,1,0,0,1,0,0,0
8,0,1,1,0,1,1,1,0,1,1,1,1,1,1,1,1,0,0,1,0,0,0,1,1,1,0,0,1,1,1,1,1,1,0,0,0,1,1,0,0,0,0,0,0,0
10,0,0,1,1,1,0,0,1,1,1,1,1,0,1,1,1,0,1,0,0,0,0,1,1,1,0,1,0,1,1,1,0,0,0,0,0,0,0,1,0,0,0,1,1,0
8,0,0,1,1,0,0,0,1,1,1,1,1,1,0,1,0,0,1,0,0,0,0,1,1,1,1,1,1,1,1,1,0,0,1,0,0,0,0,0,0,1,1,0,0,0
10,0,0,1,1,0,0,0,0,0,1,1,1,0,0,1,1,0,1,0,0,0,0,1,1,1,1,1,1,1,1,1,0,0,0,0,0,0,0,1,0,0,1,0,0,0
12,0,1,0,1,1,0,1,1,1,1,1,0,0,1,0,0,0,1,0,0,1,0,1,1,1,0,0,1,0,1,1,0,0,0,1,0,0,0,0,0,1,0,0,0,0
10,0,1,1,0,1,1,0,0,1,1,1,1,0,1,0,0,0,1,0,0,0,0,1,1,1,0,0,1,1,1,1,0,0,0,0,1,0,0,0,0,1,1,0,0,0
11,0,1,1,0,1,0,1,0,0,0,1,1,0,0,1,1,0,1,0,0,0,0,1,1,1,0,1,1,1,1,1,0,0,0,0,1,0,0,0,0,1,0,1,1,0
11,0,0,1,0,1,0,0,1,0,0,1,1,0,0,0,0,0,0,1,0,0,0,1,1,1,0,1,1,1,1,1,0,0,0,0,1,0,0,0,0,1,0,0,0,0
19,0,1,1,0,1,0,1,1,0,1,1,1,0,1,1,1,0,1,0,0,1,0,1,1,1,0,1,1,1,1,1,0,0,0,1,0,0,0,0,1,0,0,0,0,1
12,0,1,1,0,1,0,1,1,0,1,1,1,0,0,0,0,0,1,0,0,1,0,1,1,1,0,0,1,1,1,1,0,0,1,0,0,0,0,0,0,0,0,0,0,0
14,0,0,1,0,1,0,0,1,1,1,1,1,0,1,1,0,0,1,0,0,1,0,1,1,1,0,1,1,1,1,1,0,0,1,0,0,0,0,1,0,0,0,0,0,0
15,0,0,1,1,0,0,1,1,1,1,1,1,0,1,1,1,0,1,0,0,0,0,1,1,1,0,0,1,1,1,1,0,0,0,0,0,0,0,0,0,0,0,0,0,0
11,0,0,1,0,1,0,1,1,1,1,1,1,1,1,1,1,0,1,0,0,0,0,1,1,1,0,1,1,1,1,1,0,0,0,0,0,0,0,0,0,1,1,0,0,0
15,0,1,1,0,1,0,1,1,0,1,1,1,0,0,1,1,0,1,0,0,1,0,1,1,1,0,1,1,0,1,1,1,1,0,0,0,0,0,1,0,0,0,0,0,0
13,0,1,1,1,1,0,0,0,0,1,1,1,1,1,1,0,0,1,0,0,0,0,1,1,1,0,0,1,1,1,1,0,0,1,0,0,0,0,0,1,0,0,0,0,0
18,0,1,0,1,1,0,1,1,0,1,1,0,0,0,1,0,0,1,0,0,1,0,1,0,1,0,0,1,1,1,1,0,0,1,0,0,0,0,0,0,1,0,0,0,0
14,0,0,0,1,1,0,1,1,1,1,1,1,0,1,1,1,0,1,0,0,1,0,1,1,1,0,0,1,1,1,1,0,0,1,0,0,0,0,0,0,1,0,0,0,0
11,0,0,1,0,1,0,1,1,0,1,1,1,0,0,1,1,0,1,0,0,0,0,1,1,1,0,1,1,1,1,1,1,1,0,0,0,0,0,0,0,1,1,0,0,0
0,0,1,1,0,1,0,1,1,1,1,1,1,0,1,1,1,1,0,0,0,0,0,1,1,1,1,1,1,0,1,1,1,1,0,0,0,0,0,0,0,1,0,0,0,0
8,0,1,1,1,1,0,1,1,0,1,1,1,1,1,1,1,1,0,0,0,0,0,1,1,1,0,1,1,1,1,1,0,0,0,0,1,0,0,0,0,1,1,0,0,0
14,0,1,1,0,1,0,1,1,0,1,1,1,0,1,1,1,0,0,1,0,1,0,1,1,1,0,0,1,0,1,1,0,0,0,0,1,0,0,0,0,1,0,0,0,0
16,0,0,1,1,1,0,1,1,0,1,1,1,1,1,1,1,0,1,0,0,0,0,0,1,1,1,1,0,1,1,1,0,0,0,0,0,0,0,0,0,0,1,0,0,0
11,0,1,1,1,0,0,1,0,0,1,1,1,1,1,1,1,0,1,0,0,0,0,1,1,1,0,0,1,1,1,1,1,1,0,0,0,0,0,0,0,1,1,0,0,0
10,0,0,1,1,1,0,0,1,0,1,1,1,0,0,1,1,0,0,1,0,0,0,1,0,0,1,1,1,0,1,1,0,0,0,0,1,0,0,0,0,0,1,0,0,0
14,0,1,1,0,1,0,1,1,0,1,1,1,0,0,1,1,0,1,0,0,1,0,1,1,1,0,0,1,0,1,1,0,0,0,0,1,0,0,0,0,1,0,0,0,0
18,0,1,1,0,1,0,1,1,1,0,1,1,0,0,1,1,0,0,1,0,1,0,1,1,1,0,1,1,0,1,1,1,1,0,0,0,1,1,0,0,0,0,0,0,0
13,0,0,1,0,1,0,1,0,1,1,1,1,1,1,1,1,1,0,0,0,0,0,1,1,1,0,0,1,1,1,1,0,0,0,0,1,0,0,0,0,1,1,0,0,0
12,0,1,1,0,1,0,1,1,1,1,1,1,0,1,1,1,1,0,0,0,0,0,1,1,1,0,0,1,1,1,1,0,0,1,0,0,0,0,0,1,0,0,0,0,0
18,0,0,1,0,0,0,0,0,1,1,1,0,0,1,1,1,1,0,0,0,0,0,1,1,1,0,0,1,0,1,1,0,0,1,0,0,0,0,0,0,1,0,1,1,0
8,0,0,1,0,1,0,1,1,0,1,1,1,1,1,1,1,1,0,0,0,0,0,1,1,1,0,0,1,1,1,1,0,0,0,0,0,0,0,1,0,0,0,0,0,0
12,0,0,0,0,1,0,0,0,1,1,1,0,1,1,1,1,0,0,1,0,0,0,1,1,1,0,1,1,0,1,1,0,0,0,0,1,0,0,1,0,0,0,0,0,0
10,0,1,1,1,1,1,1,0,1,0,1,1,0,1,0,0,1,0,0,0,0,0,1,1,1,0,1,1,1,1,1,0,0,0,1,0,0,0,0,0,1,0,0,0,0
0,0,1,1,1,1,0,0,0,1,0,1,0,1,1,0,1,1,0,0,0,0,0,1,1,1,1,1,1,0,1,1,0,0,1,0,0,0,0,1,0,0,1,0,0,0
13,0,1,1,0,1,0,1,0,0,1,0,1,1,1,1,0,1,0,0,1,0,0,1,1,0,0,0,1,1,1,1,0,0,0,1,0,0,0,0,0,1,0,0,0,1
11,0,0,1,0,1,0,0,0,0,0,1,1,0,1,0,1,1,0,0,0,0,0,1,1,1,1,1,1,1,1,1,0,0,0,0,1,0,0,1,0,0,0,1,1,0
11,0,1,1,1,1,0,1,1,0,0,1,1,1,1,1,1,1,0,0,0,0,0,1,1,1,0,1,0,1,1,1,0,0,1,0,0,0,0,0,0,1,0,0,0,0
13,0,1,1,0,1,0,0,0,0,0,1,1,1,1,0,0,1,0,0,0,1,1,1,0,1,0,0,1,1,1,1,0,0,0,1,0,1,1,0,0,0,1,0,0,0
11,0,1,0,0,1,0,0,0,0,1,1,1,1,1,1,1,1,0,0,0,1,0,1,0,1,0,0,1,1,1,1,0,0,0,0,1,0,0,0,0,1,0,0,0,0
0,0,1,1,0,1,0,1,1,1,1,1,1,0,1,1,0,0,1,0,0,0,0,1,1,1,0,1,0,0,1,1,0,0,1,0,0,0,0,0,0,1,0,1,1,0
9,0,1,1,0,1,0,1,1,1,1,1,1,1,1,1,1,0,1,0,0,1,0,1,1,1,0,0,1,1,1,1,0,0,0,0,1,0,0,0,0,1,0,1,1,0
10,0,1,0,0,1,0,1,1,1,0,1,1,0,0,1,1,0,0,1,0,1,0,1,1,1,1,1,1,0,1,1,0,0,0,1,0,0,0,1,0,0,0,1,1,0
11,0,1,1,0,1,0,1,1,0,1,1,1,0,1,1,1,0,1,0,0,0,0,1,1,1,1,1,1,1,1,1,0,0,0,0,0,0,0,0,0,1,0,1,1,0
13,0,1,1,0,0,0,1,1,0,1,1,1,1,0,1,1,0,1,0,0,0,0,1,1,1,0,1,1,1,1,1,0,0,1,0,0,0,0,1,0,0,0,1,1,0
9,0,1,1,0,1,0,1,0,0,1,1,0,1,0,1,1,0,1,0,0,0,0,1,1,1,0,0,1,1,1,1,0,0,0,0,1,0,0,0,0,1,0,1,1,0
11,0,1,0,1,1,0,1,1,1,1,1,1,0,0,1,1,0,1,0,0,1,0,1,1,1,1,1,1,1,1,1,0,0,1,0,0,0,0,1,0,0,0,1,1,0
15,0,1,1,0,1,0,1,0,0,0,1,1,0,0,1,0,0,0,1,0,1,0,1,1,1,1,1,1,0,1,1,0,0,1,0,0,0,0,1,0,0,0,1,1,0
15,0,1,1,1,1,0,0,0,0,1,1,1,0,0,0,1,0,0,1,0,1,0,1,1,1,1,1,1,0,1,1,0,0,0,1,0,0,0,0,1,0,1,0,0,0
11,0,0,1,0,1,0,0,0,1,1,1,1,0,1,1,1,0,1,0,0,1,0,1,1,1,1,1,1,1,1,1,0,0,0,0,1,0,0,0,0,1,0,1,1,0
16,0,0,1,0,1,0,0,0,1,0,1,1,0,0,1,1,0,1,0,0,0,0,1,1,1,1,1,1,1,1,1,0,0,0,0,1,0,0,1,0,0,0,0,0,0
10,0,0,0,0,1,0,1,0,0,1,1,1,0,0,1,1,0,1,0,1,0,0,1,1,1,1,1,1,1,1,1,0,0,1,0,0,0,0,0,0,1,0,1,1,0
9,0,1,1,0,1,0,1,1,1,1,1,1,0,0,1,1,0,1,0,0,1,0,1,1,1,0,1,1,1,1,1,0,0,0,0,0,0,0,1,0,0,0,1,1,0
14,0,1,1,0,1,0,1,1,0,0,1,1,1,0,1,1,0,1,0,0,1,0,1,1,1,0,1,1,1,1,1,0,0,0,0,0,0,0,0,0,0,0,1,1,0
8,0,0,1,1,1,0,1,0,1,1,1,1,0,1,1,1,0,1,0,0,1,0,1,1,1,1,1,1,1,1,1,0,0,0,0,1,0,0,0,0,1,0,1,1,0
14,0,1,0,0,1,0,1,0,0,1,1,1,1,0,1,1,0,0,1,0,1,0,1,1,1,0,0,1,1,1,1,0,0,0,1,0,0,0,0,0,1,0,1,1,0
0,0,1,1,0,1,0,0,0,1,1,1,1,0,1,1,1,0,1,0,0,0,0,1,1,1,0,0,1,0,1,0,0,0,1,0,0,0,0,1,0,0,1,0,0,0
0,0,1,1,1,1,0,0,0,1,0,1,1,1,1,1,1,1,0,0,0,0,0,1,1,1,0,0,1,0,1,1,0,0,0,0,1,0,0,0,0,1,1,0,0,0
0,0,1,0,0,1,0,0,0,1,1,1,0,0,1,1,1,0,1,0,0,1,0,1,1,1,0,0,1,0,1,1,0,0,0,1,0,0,0,0,0,1,0,1,1,0
15,0,1,1,0,1,0,0,0,0,1,1,1,0,0,1,1,0,1,0,0,1,0,1,1,1,0,1,1,1,1,1,0,0,1,0,0,0,0,0,0,1,0,1,1,0
13,0,1,0,0,0,0,0,1,0,1,1,0,0,1,1,0,1,0,0,0,1,0,1,1,1,0,1,1,1,1,1,0,0,1,0,0,0,0,0,1,0,1,0,0,0
0,0,1,1,0,1,0,1,1,0,1,1,1,1,0,1,1,0,1,0,0,0,0,1,1,1,1,1,1,0,1,1,0,0,0,0,1,0,0,0,0,1,1,0,0,0
17,0,1,1,1,1,0,1,0,0,1,1,1,0,1,1,1,0,1,0,0,1,0,1,1,1,0,0,0,1,1,1,0,0,1,0,0,0,0,1,0,0,1,0,0,0
10,0,1,0,0,0,0,1,1,0,1,1,1,0,0,1,1,0,1,0,0,0,0,1,1,1,1,1,1,1,1,1,0,0,0,0,1,0,0,0,0,1,1,0,0,0
11,0,1,1,0,1,0,0,1,1,1,1,1,1,1,1,0,1,0,0,0,1,0,1,1,1,0,1,1,1,1,1,0,0,1,0,0,0,0,1,0,0,1,0,0,0
0,0,0,1,0,1,0,1,0,1,1,1,1,0,1,1,1,0,0,1,0,0,0,1,1,1,1,1,1,0,1,1,0,0,0,0,0,0,0,1,0,0,1,0,0,0
15,0,0,1,1,1,0,0,0,1,1,1,1,1,1,1,1,0,1,0,0,0,0,1,1,1,0,1,1,1,1,1,0,0,1,0,0,0,0,0,0,1,1,0,0,0
0,0,1,1,0,0,0,1,0,0,1,1,1,1,0,1,1,0,0,1,0,0,0,1,1,0,0,1,1,0,1,1,0,0,0,1,0,0,0,0,1,0,1,0,0,0
10,0,1,1,0,1,0,1,0,0,1,1,1,0,1,1,1,0,1,0,0,1,0,1,1,1,0,1,1,1,1,1,0,0,0,1,0,0,0,0,0,1,0,1,1,0
14,0,1,1,0,1,0,0,0,0,1,1,1,1,1,1,1,0,1,0,0,1,0,1,1,1,1,1,0,1,1,1,0,0,0,0,1,0,0,1,0,0,0,0,0,1
16,0,0,0,0,1,0,0,0,0,1,1,1,1,1,1,1,0,1,0,0,1,0,1,1,1,0,1,1,1,1,1,0,0,0,0,0,0,0,1,0,0,0,1,1,0
9,0,0,1,0,1,0,1,1,0,1,1,1,1,1,1,1,0,1,0,0,1,0,1,1,1,1,1,1,0,1,1,0,0,0,0,0,0,0,0,0,1,0,1,1,0
15,0,1,1,0,1,0,1,1,1,1,1,1,1,0,1,1,0,1,0,0,1,0,1,1,1,0,1,1,0,1,1,1,1,0,0,0,0,0,0,0,1,0,0,0,0
13,1,0,0,0,1,0,1,0,0,0,1,1,0,1,1,1,0,1,0,0,0,0,1,1,1,1,1,1,1,1,1,0,0,0,0,1,0,0,0,0,1,0,1,1,0
8,1,0,0,0,1,0,0,0,0,1,1,1,0,1,0,0,1,0,0,1,0,1,1,1,1,1,1,1,1,1,1,0,0,0,0,1,0,0,1,0,0,1,0,0,0
13,1,0,1,0,1,0,1,1,0,1,1,1,0,0,1,1,0,1,0,0,0,0,1,1,1,1,1,1,1,1,1,1,1,0,0,0,0,0,0,0,1,0,1,1,0
8,1,0,1,1,1,0,0,0,0,1,0,1,1,1,0,1,0,1,0,0,0,0,1,1,1,1,1,1,1,1,1,0,0,0,1,0,0,0,1,0,0,0,1,1,0
8,1,0,0,0,1,0,1,0,0,1,1,1,0,1,0,0,1,0,0,1,0,0,1,1,1,1,1,1,1,1,1,0,0,0,0,1,0,0,0,0,1,1,0,0,0
11,1,0,0,0,1,0,1,1,1,0,1,1,1,0,1,1,0,1,0,0,0,0,1,1,1,0,1,1,1,1,1,0,0,1,0,0,0,0,0,0,1,1,0,0,0
9,1,1,1,0,1,0,1,0,0,1,1,0,1,1,1,1,0,0,1,0,0,0,1,1,1,0,0,1,0,1,1,0,0,1,0,0,0,0,1,0,0,0,1,1,0
13,1,1,0,0,1,0,1,1,1,1,1,1,0,0,1,1,0,0,1,0,0,0,1,1,1,0,1,1,1,1,1,0,0,0,0,0,0,0,1,0,0,0,0,0,1
11,1,1,1,1,0,0,0,0,0,1,1,0,1,0,1,1,0,1,0,0,0,0,0,1,1,0,1,1,1,1,1,0,0,1,0,0,0,0,0,0,1,0,0,0,0
10,1,0,1,1,1,0,0,0,0,0,1,1,1,1,0,0,0,0,1,0,0,0,1,1,1,0,1,1,1,1,1,0,0,0,0,1,0,0,1,0,0,1,0,0,0
16,1,1,1,1,1,0,0,0,0,1,1,1,0,1,0,0,0,0,1,0,1,0,1,1,1,0,0,1,0,1,1,0,0,0,1,0,0,0,1,0,0,0,1,1,0
13,1,1,0,1,0,0,0,0,0,1,1,0,1,1,0,1,0,1,0,1,0,0,1,1,1,0,1,1,0,1,1,0,0,0,1,0,0,0,0,0,1,0,1,1,0
12,1,0,0,1,1,0,0,0,1,0,0,0,0,1,0,0,0,1,0,0,0,0,1,1,1,1,1,1,1,1,1,0,0,0,1,0,0,0,0,0,1,0,0,0,1
10,1,1,1,0,1,0,1,0,0,1,1,1,1,1,1,1,0,1,0,0,0,0,1,1,1,0,1,1,0,1,1,0,0,1,0,0,0,0,1,0,0,0,0,0,1
15,1,1,1,1,1,0,1,1,1,1,1,1,1,0,1,1,0,1,0,0,0,0,1,1,1,0,0,0,0,1,1,0,0,0,1,0,0,0,0,1,0,0,1,1,0
12,1,1,0,0,1,0,0,0,0,0,1,0,0,0,0,1,0,0,1,0,0,0,1,1,1,0,1,1,0,1,1,0,0,0,0,1,0,0,1,0,0,0,1,1,0
10,1,0,0,0,1,0,1,1,0,1,1,0,0,1,0,1,0,1,0,0,0,0,1,1,1,1,1,1,1,1,1,0,0,0,1,0,0,0,0,0,1,0,1,1,0
13,1,0,1,1,1,0,0,1,0,1,1,1,1,1,1,1,0,1,0,0,1,0,1,1,1,1,1,1,0,1,1,0,0,0,0,0,0,0,1,0,0,0,0,0,1
0,1,1,0,0,1,0,1,1,0,1,1,1,1,0,0,0,0,1,0,1,0,0,1,1,0,0,1,0,0,1,1,0,0,0,0,1,0,0,1,0,0,0,0,0,0
10,1,1,1,0,1,0,1,1,0,1,1,1,1,1,1,1,0,0,1,0,0,0,1,1,1,0,1,1,0,1,1,0,0,0,1,0,0,0,1,0,0,0,1,1,0
11,1,1,0,0,1,0,1,1,0,0,1,1,1,1,1,1,0,0,1,1,0,0,1,1,1,1,1,1,1,1,1,0,0,0,0,1,0,0,0,0,0,0,0,0,1
9,1,1,1,1,1,0,0,0,1,1,1,0,1,1,1,1,1,0,0,0,0,1,1,1,1,0,0,1,1,1,1,0,0,1,0,0,0,0,1,0,0,1,0,0,0
12,1,0,0,1,1,0,1,1,1,1,0,1,1,1,0,1,0,0,1,1,0,0,1,1,1,1,1,1,1,1,1,0,0,0,1,0,0,0,1,0,0,0,0,0,1
11,1,1,1,0,1,0,0,0,1,1,1,0,1,0,1,1,0,1,0,0,1,0,1,1,1,0,0,1,1,1,1,0,0,0,0,1,0,0,0,1,0,1,0,0,0
5,1,1,0,0,1,0,0,0,1,1,1,1,0,0,0,1,0,1,0,0,0,0,1,1,1,0,1,0,1,1,1,0,0,0,0,1,0,0,0,0,1,0,1,1,0
19,1,1,0,1,1,0,0,0,0,1,1,1,0,1,1,1,0,1,0,0,1,0,1,1,1,0,0,0,0,1,1,0,0,0,0,1,0,0,0,0,1,0,0,0,0
10,1,1,0,0,1,0,0,0,0,1,1,1,0,1,0,0,0,1,0,1,1,0,1,1,1,0,1,1,1,1,1,0,0,0,0,1,0,0,0,0,1,1,0,0,0
15,1,1,1,0,1,0,1,1,0,0,1,1,1,1,1,1,1,0,0,0,1,1,1,1,1,0,0,1,1,1,1,1,1,0,0,0,0,0,0,0,1,0,1,1,0
10,1,1,0,1,1,0,0,1,1,1,1,1,0,1,1,1,0,1,0,0,0,0,1,1,1,1,1,1,1,1,1,0,0,0,0,0,0,0,1,0,0,0,1,1,0
15,1,1,1,0,1,0,0,1,0,1,1,1,1,1,1,1,0,1,0,0,0,0,1,0,1,0,1,0,0,1,1,0,0,0,0,1,0,0,0,0,1,1,0,0,0
10,1,1,0,0,1,0,1,1,1,0,1,1,0,0,1,0,0,1,0,0,0,0,1,1,1,1,1,0,1,1,1,0,0,0,1,0,0,0,0,0,1,0,0,0,0
14,1,0,1,0,1,0,0,1,1,0,1,1,0,1,1,1,0,0,1,0,0,0,1,1,1,0,1,1,1,1,1,0,0,0,0,0,0,0,0,0,0,1,0,0,0
7,1,0,0,0,1,0,0,0,1,0,1,1,1,1,1,0,0,1,0,0,0,0,1,1,1,0,1,1,1,1,1,0,0,0,0,1,0,0,0,0,1,0,0,0,1
10,1,0,1,0,1,0,0,0,1,1,1,1,0,0,1,1,0,0,1,0,0,0,1,1,1,0,0,1,1,1,1,0,0,0,0,1,0,0,1,0,0,1,0,0,0
0,1,0,0,0,1,0,0,0,0,1,1,0,0,1,0,0,0,1,0,0,0,0,1,1,1,0,1,1,0,1,1,0,0,0,0,1,0,0,1,0,0,0,0,0,1
5,1,0,0,0,1,0,0,1,0,1,1,0,0,1,1,1,0,0,1,0,0,0,1,1,1,1,1,1,1,1,1,0,0,0,0,1,0,0,0,0,1,1,0,0,0
10,1,1,0,0,1,0,0,1,0,1,1,0,0,1,1,1,0,1,0,0,1,0,1,1,1,0,1,1,1,1,1,0,0,0,1,0,0,0,0,0,1,0,0,0,1
6,1,1,0,0,1,0,1,1,1,1,1,1,1,1,1,1,0,1,0,1,0,0,1,1,1,1,1,1,1,1,1,0,0,0,0,0,0,0,0,1,0,0,0,0,0
0,1,1,0,0,1,0,0,0,1,0,1,1,0,1,1,1,0,1,0,0,1,0,1,1,1,0,1,1,0,1,1,0,0,1,0,0,0,0,0,0,1,0,1,1,0
8,1,1,1,1,1,0,1,1,0,1,1,1,0,1,1,0,0,1,0,0,0,0,1,1,1,0,0,0,0,1,1,0,0,0,0,0,0,0,1,0,0,0,1,1,0
0,1,1,1,0,1,0,0,0,1,1,1,0,0,1,0,0,0,1,0,0,0,0,0,0,0,0,0,1,0,1,1,0,0,0,0,1,0,0,0,0,1,0,1,1,0
9,1,0,1,1,0,0,1,1,0,1,1,0,0,1,1,1,1,0,0,0,0,1,1,1,1,1,1,1,1,1,1,0,0,1,0,0,0,0,1,0,0,0,1,1,0
16,1,0,1,1,1,0,0,0,0,0,1,1,0,0,1,0,0,1,0,0,0,0,1,1,1,1,1,1,1,1,1,0,0,1,0,0,0,0,1,0,0,0,1,1,0
7,1,0,0,0,1,0,0,0,0,0,1,0,0,1,0,0,1,0,0,0,0,1,1,1,1,1,1,1,1,1,1,0,0,0,0,1,0,0,0,0,1,0,1,1,0
10,1,0,0,1,1,0,0,0,0,0,1,1,0,1,1,1,0,1,0,1,0,0,1,1,0,1,1,1,0,1,1,0,0,1,0,0,0,0,0,0,1,0,1,1,0
9,1,0,1,1,1,0,0,0,0,1,1,1,0,1,0,0,0,0,1,0,0,0,1,1,1,1,1,1,1,1,1,0,0,0,0,1,0,0,0,1,0,0,1,1,0
